Block 0
01 FE 00 00 41 FF 6A 00 
00 00 00 00 00 00 00 00 
F0 01 5F 32 03 37 
02 0D 2D 46 61 74 41 63 
00 6F 75 73 74 69 63 56 
44 32 00 4A 3F 3B 76 6E 
F7 F0 01 60 20 03 37 02 
0D 2D 46 61 74 41 63 00 
6F 75 73 74 69 63 56 44 
32 00 4A 3F 3D 7A 76 F7 
F0 01 61 2E 03 37 02 0D 
2D 46 61 74 41 63 00 6F 
75 73 74 69 63 56 44 32 
00 4A 3F 3F 


------------------

01 FE 00 00 41 FF 6A 00 
00 00 00 00 00 00 00 00 
7E 7E F7 F0 01 62 
35 03 37 02 0D 2D 46 61 
74 41 63 00 6F 75 73 74 
69 63 56 24 32 00 4A 3F 
41 03 06 F7 F0 01 63 3B 
03 37 02 0D 2D 46 61 74 
41 63 00 6F 75 73 74 69 
63 56 24 32 00 4A 3F 43 
07 0E F7 F0 01 64 29 03 
37 02 0D 2D 46 61 74 41 
63 00 6F 75 73 74 69 63 
56 24 32 00 


------------------

01 FE 00 00 41 FF 54 00 
00 00 00 00 00 00 00 00 
4A 3F 45 0B 16 F7 
F0 01 65 27 03 37 02 0D 
2D 46 61 74 41 63 00 6F 
75 73 74 69 63 56 24 32 
00 4A 3F 47 0F 1E F7 F0 
01 66 0D 03 37 02 0D 2D 
46 61 74 41 63 00 6F 75 
73 74 69 63 56 24 32 00 
4A 3F 49 13 26 F7 